test 1-2
ResultItem: 1304 10.115384615383666 [1] [74, 75, 76, 77, 78, 79, 80, 81, 82, 83, 84, 85, 86, 87, 88, 89, 90, 91]201603001
ResultItem: 5808 8.333333333339166 [1] [77, 78, 79, 80, 81, 82, 83, 84, 85, 86, 87, 88, 89, 90, 91, 92, 93, 94]201603002

test 3-4
ResultItem: 1320 9.743589743566666 [1] [75, 76, 77, 78, 79, 80, 81, 82, 83, 84, 85, 86, 87, 88, 89, 90, 91, 92]201603001
ResultItem: 5744 9.435897435880003 [1] [73, 74, 75, 76, 77, 78, 79, 80, 81, 82, 83, 84, 85, 86, 87, 88, 89, 90]201603002